0.413914574456
0.381106293534
0.376687669841
0.371385321409
0.357356191184
0.398780788307
0.460751985603
0.489583505201
0.413914574456
0.352274773936
0.360559693361
0.360670158953
0.354594551375
0.366856232124
0.387513297889
0.409054088393
0.4838392944
0.587787416781
0.638159726883
0.658706327056
0.681351773484
0.665444728188
0.57585713281
0.500409133249
0.413914574456
0.381106293534
0.376687669841
0.371385321409
0.357356191184
0.398780788307
0.460751985603
0.489583505201
0.413914574456
0.352274773936
0.360559693361
0.360670158953
0.354594551375
0.366856232124
0.387513297889
0.409054088393
0.4838392944
0.587787416781
0.638159726883
0.658706327056
0.681351773484
0.665444728188
0.57585713281
0.500409133249
0.413914574456
0.381106293534
0.376687669841
0.371385321409
0.357356191184
0.398780788307
0.460751985603
0.489583505201
0.413914574456
0.352274773936
0.360559693361
0.360670158953
0.354594551375
0.366856232124
0.387513297889
0.409054088393
0.4838392944
0.587787416781
0.638159726883
0.658706327056
0.681351773484
0.665444728188
0.57585713281
0.500409133249
0.413914574456
0.381106293534
0.376687669841
0.371385321409
0.357356191184
0.398780788307
0.460751985603
0.489583505201
0.413914574456
0.352274773936
0.360559693361
0.360670158953
0.354594551375
0.366856232124
0.387513297889
0.409054088393
0.4838392944
0.587787416781
0.638159726883
0.658706327056
0.681351773484
0.665444728188
0.57585713281
0.500409133249
0.413914574456
0.381106293534
0.376687669841
0.371385321409
0.357356191184
0.398780788307
0.460751985603
0.489583505201
0.413914574456
0.352274773936
0.360559693361
0.360670158953
0.354594551375
0.366856232124
0.387513297889
0.409054088393
0.4838392944
0.587787416781
0.638159726883
0.658706327056
0.681351773484
0.665444728188
0.57585713281
0.500409133249
0.413914574456
0.381106293534
0.376687669841
0.371385321409
0.357356191184
0.398780788307
0.460751985603
0.489583505201
0.413914574456
0.352274773936
0.360559693361
0.360670158953
0.354594551375
0.366856232124
0.387513297889
0.409054088393
0.4838392944
0.587787416781
0.638159726883
0.658706327056
0.681351773484
0.665444728188
0.57585713281
0.500409133249
0.413914574456
0.381106293534
0.376687669841
0.371385321409
0.357356191184
0.398780788307
0.460751985603
0.489583505201
0.413914574456
0.352274773936
0.360559693361
0.360670158953
0.354594551375
0.366856232124
0.387513297889
0.409054088393
0.4838392944
0.587787416781
0.638159726883
0.658706327056
0.681351773484
0.665444728188
0.57585713281
0.500409133249
0.413914574456
0.381106293534
0.376687669841
0.371385321409
0.357356191184
0.398780788307
0.460751985603
0.489583505201
0.413914574456
0.352274773936
0.360559693361
0.360670158953
0.354594551375
0.366856232124
0.387513297889
0.409054088393
0.4838392944
0.587787416781
0.638159726883
0.658706327056
0.681351773484
0.665444728188
0.57585713281
0.500409133249
0.413914574456
0.381106293534
0.376687669841
0.371385321409
0.357356191184
0.398780788307
0.460751985603
0.489583505201
0.413914574456
0.352274773936
0.360559693361
0.360670158953
0.354594551375
0.366856232124
0.387513297889
0.409054088393
0.4838392944
0.587787416781
0.638159726883
0.658706327056
0.681351773484
0.665444728188
0.57585713281
0.500409133249
0.413914574456
0.381106293534
0.376687669841
0.371385321409
0.357356191184
0.398780788307
0.460751985603
0.489583505201
0.413914574456
0.352274773936
0.360559693361
0.360670158953
0.354594551375
0.366856232124
0.387513297889
0.409054088393
0.4838392944
0.587787416781
0.638159726883
0.658706327056
0.681351773484
0.665444728188
0.57585713281
0.500409133249
0.413914574456
0.381106293534
0.376687669841
0.371385321409
0.357356191184
0.398780788307
0.460751985603
0.489583505201
0.413914574456
0.352274773936
0.360559693361
0.360670158953
0.354594551375
0.366856232124
0.387513297889
0.409054088393
0.4838392944
0.587787416781
0.638159726883
0.658706327056
0.681351773484
0.665444728188
0.57585713281
0.500409133249
0.413914574456
0.381106293534
0.376687669841
0.371385321409
0.357356191184
0.398780788307
0.460751985603
0.489583505201
0.413914574456
0.352274773936
0.360559693361
0.360670158953
0.354594551375
0.366856232124
0.387513297889
0.409054088393
0.4838392944
0.587787416781
0.638159726883
0.658706327056
0.681351773484
0.665444728188
0.57585713281
0.500409133249
0.413914574456
0.381106293534
0.376687669841
0.371385321409
0.357356191184
0.398780788307
0.460751985603
0.489583505201
0.413914574456
0.352274773936
0.360559693361
0.360670158953
0.354594551375
0.366856232124
0.387513297889
0.409054088393
0.4838392944
0.587787416781
0.638159726883
0.658706327056
0.681351773484
0.665444728188
0.57585713281
0.500409133249
0.413914574456
0.381106293534
0.376687669841
0.371385321409
0.357356191184
0.398780788307
0.460751985603
0.489583505201
0.413914574456
0.352274773936
0.360559693361
0.360670158953
0.354594551375
0.366856232124
0.387513297889
0.409054088393
0.4838392944
0.587787416781
0.638159726883
0.658706327056
0.681351773484
0.665444728188
0.57585713281
0.500409133249
0.413914574456
0.381106293534
0.376687669841
0.371385321409
0.357356191184
0.398780788307
0.460751985603
0.489583505201
0.413914574456
0.352274773936
0.360559693361
0.360670158953
0.354594551375
0.366856232124
0.387513297889
0.409054088393
0.4838392944
0.587787416781
0.638159726883
0.658706327056
0.681351773484
0.665444728188
0.57585713281
0.500409133249
0.413914574456
0.381106293534
0.376687669841
0.371385321409
0.357356191184
0.398780788307
0.460751985603
0.489583505201
0.413914574456
0.352274773936
0.360559693361
0.360670158953
0.354594551375
0.366856232124
0.387513297889
0.409054088393
0.4838392944
0.587787416781
0.638159726883
0.658706327056
0.681351773484
0.665444728188
0.57585713281
0.500409133249
0.413914574456
0.381106293534
0.376687669841
0.371385321409
0.357356191184
0.398780788307
0.460751985603
0.489583505201
0.413914574456
0.352274773936
0.360559693361
0.360670158953
0.354594551375
0.366856232124
0.387513297889
0.409054088393
0.4838392944
0.587787416781
0.638159726883
0.658706327056
0.681351773484
0.665444728188
0.57585713281
0.500409133249
0.413914574456
0.381106293534
0.376687669841
0.371385321409
0.357356191184
0.398780788307
0.460751985603
0.489583505201
0.413914574456
0.352274773936
0.360559693361
0.360670158953
0.354594551375
0.366856232124
0.387513297889
0.409054088393
0.4838392944
0.587787416781
0.638159726883
0.658706327056
0.681351773484
0.665444728188
0.57585713281
0.500409133249
0.413914574456
0.381106293534
0.376687669841
0.371385321409
0.357356191184
0.398780788307
0.460751985603
0.489583505201
0.413914574456
0.352274773936
0.360559693361
0.360670158953
0.354594551375
0.366856232124
0.387513297889
0.409054088393
0.4838392944
0.587787416781
0.638159726883
0.658706327056
0.681351773484
0.665444728188
0.57585713281
0.500409133249
0.413914574456
0.381106293534
0.376687669841
0.371385321409
0.357356191184
0.398780788307
0.460751985603
0.489583505201
0.413914574456
0.352274773936
0.360559693361
0.360670158953
0.354594551375
0.366856232124
0.387513297889
0.409054088393
0.4838392944
0.587787416781
0.638159726883
0.658706327056
0.681351773484
0.665444728188
0.57585713281
0.500409133249
0.413914574456
0.381106293534
0.376687669841
0.371385321409
0.357356191184
0.398780788307
0.460751985603
0.489583505201
0.413914574456
0.352274773936
0.360559693361
0.360670158953
0.354594551375
0.366856232124
0.387513297889
0.409054088393
0.4838392944
0.587787416781
0.638159726883
0.658706327056
0.681351773484
0.665444728188
0.57585713281
0.500409133249
0.413914574456
0.381106293534
0.376687669841
0.371385321409
0.357356191184
0.398780788307
0.460751985603
0.489583505201
0.413914574456
0.352274773936
0.360559693361
0.360670158953
0.354594551375
0.366856232124
0.387513297889
0.409054088393
0.4838392944
0.587787416781
0.638159726883
0.658706327056
0.681351773484
0.665444728188
0.57585713281
0.500409133249
0.413914574456
0.381106293534
0.376687669841
0.371385321409
0.357356191184
0.398780788307
0.460751985603
0.489583505201
0.413914574456
0.352274773936
0.360559693361
0.360670158953
0.354594551375
0.366856232124
0.387513297889
0.409054088393
0.4838392944
0.587787416781
0.638159726883
0.658706327056
0.681351773484
0.665444728188
0.57585713281
0.500409133249
0.413914574456
0.381106293534
0.376687669841
0.371385321409
0.357356191184
0.398780788307
0.460751985603
0.489583505201
0.413914574456
0.352274773936
0.360559693361
0.360670158953
0.354594551375
0.366856232124
0.387513297889
0.409054088393
0.4838392944
0.587787416781
0.638159726883
0.658706327056
0.681351773484
0.665444728188
0.57585713281
0.500409133249
0.413914574456
0.381106293534
0.376687669841
0.371385321409
0.357356191184
0.398780788307
0.460751985603
0.489583505201
0.413914574456
0.352274773936
0.360559693361
0.360670158953
0.354594551375
0.366856232124
0.387513297889
0.409054088393
0.4838392944
0.587787416781
0.638159726883
0.658706327056
0.681351773484
0.665444728188
0.57585713281
0.500409133249
0.413914574456
0.381106293534
0.376687669841
0.371385321409
0.357356191184
0.398780788307
0.460751985603
0.489583505201
0.413914574456
0.352274773936
0.360559693361
0.360670158953
0.354594551375
0.366856232124
0.387513297889
0.409054088393
0.4838392944
0.587787416781
0.638159726883
0.658706327056
0.681351773484
0.665444728188
0.57585713281
0.500409133249
0.413914574456
0.381106293534
0.376687669841
0.371385321409
0.357356191184
0.398780788307
0.460751985603
0.489583505201
0.413914574456
0.352274773936
0.360559693361
0.360670158953
0.354594551375
0.366856232124
0.387513297889
0.409054088393
0.4838392944
0.587787416781
0.638159726883
0.658706327056
0.681351773484
0.665444728188
0.57585713281
0.500409133249
0.413914574456
0.381106293534
0.376687669841
0.371385321409
0.357356191184
0.398780788307
0.460751985603
0.489583505201
0.413914574456
0.352274773936
0.360559693361
0.360670158953
0.354594551375
0.366856232124
0.387513297889
0.409054088393
0.4838392944
0.587787416781
0.638159726883
0.658706327056
0.681351773484
0.665444728188
0.57585713281
0.500409133249
0.413914574456
0.381106293534
0.376687669841
0.371385321409
0.357356191184
0.398780788307
0.460751985603
0.489583505201
0.413914574456
0.352274773936
0.360559693361
0.360670158953
0.354594551375
0.366856232124
0.387513297889
0.409054088393
0.4838392944
0.587787416781
0.638159726883
0.658706327056
0.681351773484
0.665444728188
0.57585713281
0.500409133249
0.413914574456
0.381106293534
0.376687669841
0.371385321409
0.357356191184
0.398780788307
0.460751985603
0.489583505201
0.413914574456
0.352274773936
0.360559693361
0.360670158953
0.354594551375
0.366856232124
0.387513297889
0.409054088393
0.4838392944
0.587787416781
0.638159726883
0.658706327056
0.681351773484
0.665444728188
0.57585713281
0.500409133249
0.413914574456
0.381106293534
0.376687669841
0.371385321409
0.357356191184
0.398780788307
0.460751985603
0.489583505201
0.413914574456
0.352274773936
0.360559693361
0.360670158953
0.354594551375
0.366856232124
0.387513297889
0.409054088393
0.4838392944
0.587787416781
0.638159726883
0.658706327056
0.681351773484
0.665444728188
0.57585713281
0.500409133249
0.416064780037
0.383086066488
0.378644488905
0.373314595806
0.359212586982
0.400852376818
0.463145502412
0.492126796137
0.416064780037
0.354104772762
0.362432730729
0.362543770169
0.356436600993
0.368761978784
0.389526353982
0.411179044697
0.48635274528
0.590840857908
0.641474842348
0.662128178106
0.684891263216
0.668901583919
0.578848598435
0.503008661214
0.416064780037
0.383086066488
0.378644488905
0.373314595806
0.359212586982
0.400852376818
0.463145502412
0.492126796137
0.416064780037
0.354104772762
0.362432730729
0.362543770169
0.356436600993
0.368761978784
0.389526353982
0.411179044697
0.48635274528
0.590840857908
0.641474842348
0.662128178106
0.684891263216
0.668901583919
0.578848598435
0.503008661214
0.416064780037
0.383086066488
0.378644488905
0.373314595806
0.359212586982
0.400852376818
0.463145502412
0.492126796137
0.416064780037
0.354104772762
0.362432730729
0.362543770169
0.356436600993
0.368761978784
0.389526353982
0.411179044697
0.48635274528
0.590840857908
0.641474842348
0.662128178106
0.684891263216
0.668901583919
0.578848598435
0.503008661214
0.416064780037
0.383086066488
0.378644488905
0.373314595806
0.359212586982
0.400852376818
0.463145502412
0.492126796137
0.416064780037
0.354104772762
0.362432730729
0.362543770169
0.356436600993
0.368761978784
0.389526353982
0.411179044697
0.48635274528
0.590840857908
0.641474842348
0.662128178106
0.684891263216
0.668901583919
0.578848598435
0.503008661214
0.416064780037
0.383086066488
0.378644488905
0.373314595806
0.359212586982
0.400852376818
0.463145502412
0.492126796137
0.416064780037
0.354104772762
0.362432730729
0.362543770169
0.356436600993
0.368761978784
0.389526353982
0.411179044697
0.48635274528
0.590840857908
0.641474842348
0.662128178106
0.684891263216
0.668901583919
0.578848598435
0.503008661214
0.416064780037
0.383086066488
0.378644488905
0.373314595806
0.359212586982
0.400852376818
0.463145502412
0.492126796137
0.416064780037
0.354104772762
0.362432730729
0.362543770169
0.356436600993
0.368761978784
0.389526353982
0.411179044697
0.48635274528
0.590840857908
0.641474842348
0.662128178106
0.684891263216
0.668901583919
0.578848598435
0.503008661214
0.416064780037
0.383086066488
0.378644488905
0.373314595806
0.359212586982
0.400852376818
0.463145502412
0.492126796137
0.416064780037
0.354104772762
0.362432730729
0.362543770169
0.356436600993
0.368761978784
0.389526353982
0.411179044697
0.48635274528
0.590840857908
0.641474842348
0.662128178106
0.684891263216
0.668901583919
0.578848598435
0.503008661214
0.416064780037
0.383086066488
0.378644488905
0.373314595806
0.359212586982
0.400852376818
0.463145502412
0.492126796137
0.416064780037
0.354104772762
0.362432730729
0.362543770169
0.356436600993
0.368761978784
0.389526353982
0.411179044697
0.48635274528
0.590840857908
0.641474842348
0.662128178106
0.684891263216
0.668901583919
0.578848598435
0.503008661214
0.416064780037
0.383086066488
0.378644488905
0.373314595806
0.359212586982
0.400852376818
0.463145502412
0.492126796137
0.416064780037
0.354104772762
0.362432730729
0.362543770169
0.356436600993
0.368761978784
0.389526353982
0.411179044697
0.48635274528
0.590840857908
0.641474842348
0.662128178106
0.684891263216
0.668901583919
0.578848598435
0.503008661214
0.416064780037
0.383086066488
0.378644488905
0.373314595806
0.359212586982
0.400852376818
0.463145502412
0.492126796137
0.416064780037
0.354104772762
0.362432730729
0.362543770169
0.356436600993
0.368761978784
0.389526353982
0.411179044697
0.48635274528
0.590840857908
0.641474842348
0.662128178106
0.684891263216
0.668901583919
0.578848598435
0.503008661214
0.416064780037
0.383086066488
0.378644488905
0.373314595806
0.359212586982
0.400852376818
0.463145502412
0.492126796137
0.416064780037
0.354104772762
0.362432730729
0.362543770169
0.356436600993
0.368761978784
0.389526353982
0.411179044697
