0
0
0
0
0
0
0
0
63
207
283
333
442
429
345
204
37
0
0
0
0
0
0
0
0
0
0
0
0
0
0
0
33
73
124
160
174
162
127
76
36
0
0
0
0
0
0
0
0
0
0
0
0
0
0
0
49
123
217
337
298
288
224
143
60
0
0
0
0
0
0
0
0
0
0
0
0
0
0
0
51
158
276
364
359
428
302
138
52
0
0
0
0
0
0
0
0
0
0
0
0
0
0
0
27
82
127
157
168
159
110
88
33
0
0
0
0
0
0
0
0
0
0
0
0
0
0
0
20
52
88
136
287
247
110
92
37
0
0
0
0
0
0
0
0
0
0
0
0
0
0
0
25
61
104
134
146
137
148
67
57
0
0
0
0
0
0
0
0
0
0
0
0
0
0
0
51
62
145
339
163
155
127
83
31
0
0
0
0
0
0
0
0
0
0
0
0
0
0
0
23
134
111
142
154
132
118
153
47
1
0
0
0
0
0
0
0
0
0
0
0
0
0
0
26
81
127
157
169
161
134
90
60
1
0
0
0
0
0
0
0
0
0
0
0
0
0
0
56
99
307
201
511
431
355
200
98
3
0
0
0
0
0
0
0
0
0
0
0
0
0
0
44
244
333
442
472
210
176
122
42
1
0
0
0
0
0
0
0
0
0
0
0
0
0
0
38
184
313
255
445
285
236
166
92
2
0
0
0
0
0
0
0
0
0
0
0
0
0
0
37
120
268
387
478
207
285
189
74
3
0
0
0
0
0
0
0
0
0
0
0
0
0
0
23
180
166
199
177
260
354
237
108
3
0
0
0
0
0
0
0
0
0
0
0
0
0
0
32
90
137
168
181
173
159
104
48
2
0
0
0
0
0
0
0
0
0
0
0
0
0
0
23
59
271
163
176
169
154
216
98
5
0
0
0
0
0
0
0
0
0
0
0
0
0
0
25
73
119
152
165
158
130
87
36
3
0
0
0
0
0
0
0
0
0
0
0
0
0
0
58
120
214
341
513
491
422
262
114
8
0
0
0
0
0
0
0
0
0
0
0
0
0
0
74
223
207
277
215
305
207
129
60
4
0
0
0
0
0
0
0
0
0
0
0
0
0
0
48
236
343
458
501
513
395
245
96
9
0
0
0
0
0
0
0
0
0
0
0
0
0
0
67
214
348
485
527
467
410
280
109
9
0
0
0
0
0
0
0
0
0
0
0
0
0
1
39
147
172
308
263
221
201
133
52
6
0
0
0
0
0
0
0
0
0
0
0
0
0
0
54
199
315
458
507
416
274
295
100
10
0
0
0
0
0
0
0
0
0
0
0
0
0
0
54
170
340
156
448
204
170
116
52
8
0
0
0
0
0
0
0
0
0
0
0
0
0
0
35
94
143
175
189
182
156
112
47
5
0
0
0
0
0
0
0
0
0
0
0
0
0
2
64
206
399
477
479
479
466
308
142
11
0
0
0
0
0
0
0
0
0
0
0
0
0
1
38
167
361
488
303
314
141
168
85
9
0
0
0
0
0
0
0
0
0
0
0
0
0
2
67
267
394
492
521
511
435
327
152
18
0
0
0
0
0
0
0
0
0
0
0
0
0
1
54
129
310
232
249
193
167
123
66
9
0
0
0
0
0
0
0
0
0
0
0
0
0
1
44
104
154
187
201
194
169
125
68
26
0
0
0
0
0
0
0
0
0
0
0
0
0
0
44
131
198
181
120
90
77
107
165
9
0
0
0
0
0
0
0
0
0
0
0
0
0
0
27
77
89
124
114
141
202
179
81
5
0
0
0
0
0
0
0
0
0
0
0
0
0
0
48
181
204
266
205
205
216
122
79
6
0
0
0
0
0
0
0
0
0
0
0
0
0
0
76
46
73
204
265
109
76
105
78
6
0
0
0
0
0
0
0
0
0
0
0
0
0
0
49
64
178
108
193
256
285
217
139
12
0
0
0
0
0
0
0
0
0
0
0
0
0
0
53
279
398
532
235
556
527
377
112
11
0
0
0
0
0
0
0
0
0
0
0
0
0
0
120
308
420
561
596
249
228
399
232
24
0
0
0
0
0
0
0
0
0
0
0
0
0
0
116
313
284
295
379
511
380
238
240
27
0
0
0
0
0
0
0
0
0
0
0
0
0
0
124
167
326
136
409
581
428
412
248
31
0
0
0
0
0
0
0
0
0
0
0
0
0
0
132
158
221
590
427
542
468
402
256
34
0
0
0
0
0
0
0
0
0
0
0
0
0
0
137
326
485
579
614
625
530
